-1.000000000000000000e+00 -3.150422551585389530e-01
-9.949999999999999956e-01 -3.249595864770799536e-01
-9.899999999999999911e-01 -3.353560646095398168e-01
-9.849999999999999867e-01 -3.461741981392723599e-01
-9.799999999999999822e-01 -3.573548385499875635e-01
-9.749999999999999778e-01 -3.688375746618530182e-01
-9.699999999999999734e-01 -3.805611117005449628e-01
-9.649999999999999689e-01 -3.924636304178009683e-01
-9.599999999999999645e-01 -4.044831223312619906e-01
-9.549999999999999600e-01 -4.165576978389440299e-01
-9.499999999999999556e-01 -4.286258646712324816e-01
-9.449999999999999512e-01 -4.406267748510362403e-01
-9.399999999999999467e-01 -4.525004390263950294e-01
-9.349999999999999423e-01 -4.641879077033870260e-01
-9.299999999999999378e-01 -4.756314195319388816e-01
-9.249999999999999334e-01 -4.867745173718690532e-01
-9.199999999999999289e-01 -4.975621333883601394e-01
-9.149999999999999245e-01 -5.079406448886427672e-01
-9.099999999999999201e-01 -5.178579030173865450e-01
-9.049999999999999156e-01 -5.272632367749071625e-01
-8.999999999999999112e-01 -5.361074351161907448e-01
-8.949999999999999067e-01 -5.443427101307377614e-01
-8.899999999999999023e-01 -5.519226445021321314e-01
-8.849999999999998979e-01 -5.588021266049146840e-01
-8.799999999999998934e-01 -5.649372767242024640e-01
-8.749999999999998890e-01 -5.702853679842805334e-01
-8.699999999999998845e-01 -5.748047456547313860e-01
-8.649999999999998801e-01 -5.784547485701033720e-01
-8.599999999999998757e-01 -5.811956364583321655e-01
-8.549999999999998712e-01 -5.829885270264143493e-01
-8.499999999999998668e-01 -5.837953467029716181e-01
-8.449999999999998623e-01 -5.835787989865064418e-01
-8.399999999999998579e-01 -5.823023543954054526e-01
-8.349999999999998535e-01 -5.799302660584031432e-01
-8.299999999999998490e-01 -5.764276150177950475e-01
-8.249999999999998446e-01 -5.717603893359084477e-01
-8.199999999999998401e-01 -5.658956010884528265e-01
-8.149999999999998357e-01 -5.588014452860291525e-01
-8.099999999999998312e-01 -5.504475046715477937e-01
-8.049999999999998268e-01 -5.408050041817706877e-01
-7.999999999999998224e-01 -5.298471186139420697e-01
-7.949999999999998179e-01 -5.175493366841361631e-01
-7.899999999999998135e-01 -5.038898841755640179e-01
-7.849999999999998090e-01 -4.888502082297636053e-01
-7.799999999999998046e-01 -4.724155240012151147e-01
-7.749999999999998002e-01 -4.545754238526993340e-01
-7.699999999999997957e-01 -4.353245479856346356e-01
-7.649999999999997913e-01 -4.146633138568933674e-01
-7.599999999999997868e-01 -3.925986999104853492e-01
-7.549999999999997824e-01 -3.691450770413702287e-01
-7.499999999999997780e-01 -3.443250788070954527e-01
-7.449999999999997735e-01 -3.181704987269726725e-01
-7.399999999999997691e-01 -2.907232000869376942e-01
-7.349999999999997646e-01 -2.620360205542748844e-01
-7.299999999999997602e-01 -2.321736506740493811e-01
-7.249999999999997558e-01 -2.012134620715739786e-01
-7.199999999999997513e-01 -1.692462580524427829e-01
-7.149999999999997469e-01 -1.363769164336351147e-01
-7.099999999999997424e-01 -1.027248920428163181e-01
-7.049999999999997380e-01 -6.842454459882740814e-02
-6.999999999999997335e-01 -3.362525686182110674e-02
-6.949999999999997291e-01 1.508691750085630265e-03
-6.899999999999997247e-01 3.679852921251104692e-02
-6.849999999999997202e-01 7.205170251954341742e-02
-6.799999999999997158e-01 1.070629218343930600e-01
-6.749999999999997113e-01 1.416155553514857612e-01
-6.699999999999997069e-01 1.754833844637042617e-01
-6.649999999999997025e-01 2.084327185099831004e-01
-6.599999999999996980e-01 2.402248565515905931e-01
-6.549999999999996936e-01 2.706188706393742871e-01
-6.499999999999996891e-01 2.993746713683247407e-01
-6.449999999999996847e-01 3.262563027688555883e-01
-6.399999999999996803e-01 3.510354004514728565e-01
-6.349999999999996758e-01 3.734947351586814235e-01
-6.299999999999996714e-01 3.934317542550472835e-01
-6.249999999999996669e-01 4.106620269317203253e-01
-6.199999999999996625e-01 4.250224956435624257e-01
-6.149999999999996581e-01 4.363744370044878584e-01
-6.099999999999996536e-01 4.446060402988670224e-01
-6.049999999999996492e-01 4.496345209353699302e-01
-5.999999999999996447e-01 4.514076993176329156e-01
-5.949999999999996403e-01 4.499049922124921941e-01
-5.899999999999996358e-01 4.451377829986136181e-01
-5.849999999999996314e-01 4.371491582230152551e-01
-5.799999999999996270e-01 4.260130195981238210e-01
-5.749999999999996225e-01 4.118326018097072105e-01
-5.699999999999996181e-01 3.947384461797467936e-01
-5.649999999999996136e-01 3.748858973589473953e-01
-5.599999999999996092e-01 3.524522040103096887e-01
-5.549999999999996048e-01 3.276333143249844926e-01
-5.499999999999996003e-01 3.006404628793148404e-01
-5.449999999999995959e-01 2.716966467666285245e-01
-5.399999999999995914e-01 2.410330863350304276e-01
-5.349999999999995870e-01 2.088857596728610211e-01
-5.299999999999995826e-01 1.754920908082480968e-01
-5.249999999999995781e-01 1.410878601473181393e-01
-5.199999999999995737e-01 1.059043927306188015e-01
-5.149999999999995692e-01 7.016606620446154408e-02
-5.099999999999995648e-01 3.408816668816508355e-02
-5.049999999999995604e-01 -2.124892409574999103e-03
-4.999999999999995559e-01 -3.828098561431909908e-02
-4.949999999999995515e-01 -7.420133222054689504e-02
-4.899999999999995470e-01 -1.097212111927798051e-01
-4.849999999999995426e-01 -1.446903576552342197e-01
-4.799999999999995381e-01 -1.789730697359856459e-01
-4.749999999999995337e-01 -2.124480580313164169e-01
-4.699999999999995293e-01 -2.450080718642688726e-01
-4.649999999999995248e-01 -2.765593370229016967e-01
-4.599999999999995204e-01 -3.070208390052351355e-01
-4.549999999999995159e-01 -3.363234842014710679e-01
-4.499999999999995115e-01 -3.644091691418879231e-01
-4.449999999999995071e-01 -3.912297851444337393e-01
-4.399999999999995026e-01 -4.167461826038351136e-01
-4.349999999999994982e-01 -4.409271159393298722e-01
-4.299999999999994937e-01 -4.637481869992240435e-01
-4.249999999999994893e-01 -4.851908016165827342e-01
-4.199999999999994849e-01 -5.052411511040839631e-01
-4.149999999999994804e-01 -5.238892278266411573e-01
-4.099999999999994760e-01 -5.411278816350572063e-01
-4.049999999999994715e-01 -5.569519219046811243e-01
-3.999999999999994671e-01 -5.713572682058198904e-01
-3.949999999999994627e-01 -5.843401512361314776e-01
-3.899999999999994582e-01 -5.958963645574939516e-01
-3.849999999999994538e-01 -6.060205668879190544e-01
-3.799999999999994493e-01 -6.147056341837625615e-01
-3.749999999999994449e-01 -6.219420604929447594e-01
-3.699999999999994404e-01 -6.277174065466714081e-01
-3.649999999999994360e-01 -6.320157952719753780e-01
-3.599999999999994316e-01 -6.348174538344091289e-01
-3.549999999999994271e-01 -6.360983024512232298e-01
-3.499999999999994227e-01 -6.358295910393328976e-01
-3.449999999999994182e-01 -6.339775857760934219e-01
-3.399999999999994138e-01 -6.305033088470791691e-01
-3.349999999999994094e-01 -6.253623360331103109e-01
-3.299999999999994049e-01 -6.185046583416664578e-01
-3.249999999999994005e-01 -6.098746156125841589e-01
-3.199999999999993960e-01 -5.994109119119064299e-01
-3.149999999999993916e-01 -5.870467245574859660e-01
-3.099999999999993872e-01 -5.727099207677260884e-01
-3.049999999999993827e-01 -5.563233981550371743e-01
-2.999999999999993783e-01 -5.378055675419799453e-01
-2.949999999999993738e-01 -5.170709987870560909e-01
-2.899999999999993694e-01 -4.940312523659926014e-01
-2.849999999999993650e-01 -4.685959212322348133e-01
-2.799999999999993605e-01 -4.406739088078295286e-01
-2.749999999999993561e-01 -4.101749696244137433e-01
-2.699999999999993516e-01 -3.770115388894253461e-01
-2.649999999999993472e-01 -3.411008757954820947e-01
-2.599999999999993427e-01 -3.023675423770570414e-01
-2.549999999999993383e-01 -2.607462347657023005e-01
-2.499999999999993339e-01 -2.161849763954108161e-01
-2.449999999999993294e-01 -1.686486726496218280e-01
-2.399999999999993250e-01 -1.181230132336165278e-01
-2.349999999999993205e-01 -6.461869188023285082e-02
-2.299999999999993161e-01 -8.175892656290180763e-03
-2.249999999999993117e-01 5.113103187491113699e-02
-2.199999999999993072e-01 1.131887927996020476e-01
-2.149999999999993028e-01 1.778404396828484058e-01
-2.099999999999992983e-01 2.448808423980303184e-01
-2.049999999999992939e-01 3.140525763768142187e-01
-1.999999999999992895e-01 3.850424378339299403e-01
-1.949999999999992850e-01 4.574788409941965006e-01
-1.899999999999992806e-01 5.309303669717572172e-01
-1.849999999999992761e-01 6.049057401834311287e-01
-1.799999999999992717e-01 6.788554993764344125e-01
-1.749999999999992673e-01 7.521756031199943182e-01
-1.699999999999992628e-01 8.242131612506230498e-01
-1.649999999999992584e-01 8.942744127765488438e-01
-1.599999999999992539e-01 9.616349773733001705e-01
-1.549999999999992495e-01 1.025552294263346376e+00
-1.499999999999992450e-01 1.085280033889874041e+00
-1.449999999999992406e-01 1.140084131841838433e+00
-1.399999999999992362e-01 1.189259960720236542e+00
-1.349999999999992317e-01 1.232150035436970548e+00
-1.299999999999992273e-01 1.268161552803854786e+00
-1.249999999999992228e-01 1.296783008495395073e+00
-1.199999999999992184e-01 1.317599122705503945e+00
-1.149999999999992140e-01 1.330303345681152161e+00
-1.099999999999992095e-01 1.334707306804832738e+00
-1.049999999999992051e-01 1.330746711814286165e+00
-9.999999999999920064e-02 1.318483372786622310e+00
-9.499999999999919620e-02 1.298103261049452062e+00
-8.999999999999919176e-02 1.269910687697296980e+00
-8.499999999999918732e-02 1.234318922336209434e+00
-7.999999999999918288e-02 1.191837741489675473e+00
-7.499999999999917843e-02 1.143058540063678352e+00
-6.999999999999917399e-02 1.088637732968839700e+00
-6.499999999999916955e-02 1.029279215112380186e+00
-5.999999999999916511e-02 9.657166373833123707e-01
-5.499999999999916067e-02 8.986961994806559328e-01
-4.999999999999915623e-02 8.289605665581543104e-01
-4.499999999999915179e-02 7.572343969430330723e-01
-3.999999999999914735e-02 6.842118346248328153e-01
-3.499999999999914291e-02 6.105461842149180196e-01
-2.999999999999913847e-02 5.368418574494330242e-01
-2.499999999999913403e-02 4.636485665810848866e-01
-1.999999999999912959e-02 3.914576461590228984e-01
-1.499999999999912514e-02 3.207003132120158084e-01
-9.999999999999120703e-03 2.517476270084687551e-01
-4.999999999999116262e-03 1.849118819083055143e-01
8.881784197001252323e-16 1.204491576671281317e-01
5.000000000000781597e-03 5.856275751969614723e-02
1.000000000000089706e-02 -5.927181856107861802e-04
1.500000000000101252e-02 -5.690688965034637614e-02
2.000000000000090594e-02 -1.103089033244250977e-01
2.500000000000079936e-02 -1.607626902325300366e-01
3.000000000000091482e-02 -2.082623094926852880e-01
3.500000000000103029e-02 -2.528274792567354878e-01
4.000000000000092371e-02 -2.944993697349884698e-01
4.500000000000081712e-02 -3.333367087896180747e-01
5.000000000000093259e-02 -3.694122300676230264e-01
5.500000000000104805e-02 -4.028094767883034777e-01
6.000000000000094147e-02 -4.336199609126495935e-01
6.500000000000083489e-02 -4.619406671801486453e-01
7.000000000000095035e-02 -4.878718840192194373e-01
7.500000000000106581e-02 -5.115153382033941210e-01
8.000000000000095923e-02 -5.329726069314294490e-01
8.500000000000085265e-02 -5.523437793690979536e-01
9.000000000000096811e-02 -5.697263392616628286e-01
9.500000000000108358e-02 -5.852142407058422702e-01
1.000000000000009770e-01 -5.988971503068567515e-01
1.050000000000008704e-01 -6.108598305289278940e-01
1.100000000000009859e-01 -6.211816409108754655e-01
1.150000000000011013e-01 -6.299361358305773928e-01
1.200000000000009948e-01 -6.371907395662381735e-01
1.250000000000008882e-01 -6.430064814471897483e-01
1.300000000000010036e-01 -6.474377758646663317e-01
1.350000000000011191e-01 -6.505322337940196986e-01
1.400000000000010125e-01 -6.523304942489894787e-01
1.450000000000009059e-01 -6.528660657437892478e-01
1.500000000000010214e-01 -6.521651693850772924e-01
1.550000000000011369e-01 -6.502465766686514881e-01
1.600000000000010303e-01 -6.471214364328983226e-01
1.650000000000009237e-01 -6.427930867491944422e-01
1.700000000000010392e-01 -6.372568488353065330e-01
1.750000000000011546e-01 -6.304998013958549308e-01
1.800000000000010481e-01 -6.225005351578948298e-01
1.850000000000009415e-01 -6.132288888205589261e-01
1.900000000000010569e-01 -6.026456692162255324e-01
1.950000000000011724e-01 -5.907023602334068313e-01
2.000000000000010658e-01 -5.773408270258397756e-01
2.050000000000009592e-01 -5.624930242790278090e-01
2.100000000000010747e-01 -5.460807198766186588e-01
2.150000000000011902e-01 -5.280152482560732663e-01
2.200000000000010836e-01 -5.081973111164681534e-01
2.250000000000009770e-01 -4.865168469839454835e-01
2.300000000000010925e-01 -4.628529954878443098e-01
2.350000000000012079e-01 -4.370741870684518582e-01
2.400000000000011013e-01 -4.090383942209247503e-01
2.450000000000009948e-01 -3.785935862338589697e-01
2.500000000000011102e-01 -3.455784356167393989e-01
2.550000000000012257e-01 -3.098233308676986986e-01
2.600000000000011191e-01 -2.711517566731929674e-01
2.650000000000010125e-01 -2.293821087009023096e-01
2.700000000000011280e-01 -1.843300153687216225e-01
2.750000000000012434e-01 -1.358112427034496306e-01
2.800000000000011369e-01 -8.364525982810865068e-02
2.850000000000010303e-01 -2.765954071647163531e-02
2.900000000000011458e-01 3.230532858772757615e-02
2.950000000000012612e-01 9.638968048536568356e-02
3.000000000000011546e-01 1.647078971753775378e-01
3.050000000000010481e-01 2.373406350039183321e-01
3.100000000000011635e-01 3.143261737302756598e-01
3.150000000000012790e-01 3.956509744312002308e-01
3.200000000000011724e-01 4.812395944073475373e-01
3.250000000000010658e-01 5.709441849073368935e-01
3.300000000000011813e-01 6.645338864743114415e-01
3.350000000000012967e-01 7.616845343226328335e-01
3.400000000000011902e-01 8.619691873761559098e-01
3.450000000000010836e-01 9.648500920821033722e-01
3.500000000000011990e-01 1.069672775999279235e+00
3.550000000000013145e-01 1.175663024301287329e+00
3.600000000000012079e-01 1.281927510933319025e+00
3.650000000000011013e-01 1.387458820934985182e+00
3.700000000000012168e-01 1.491145498376938328e+00
3.750000000000013323e-01 1.591787575960581957e+00
3.800000000000012257e-01 1.688117784177241010e+00
3.850000000000011191e-01 1.778828305156256118e+00
3.900000000000012346e-01 1.862602544574428531e+00
3.950000000000013500e-01 1.938150971120195187e+00
4.000000000000012434e-01 2.004249654196635699e+00
4.050000000000011369e-01 2.059779761353679017e+00
4.100000000000012523e-01 2.103766004285012592e+00
4.150000000000013678e-01 2.135411888874798159e+00
4.200000000000012612e-01 2.154129662242715071e+00
4.250000000000011546e-01 2.159563071880889584e+00
4.300000000000012701e-01 2.151601450799684123e+00
4.350000000000013856e-01 2.130384187265141449e+00
4.400000000000012790e-01 2.096295277454442552e+00
4.450000000000011724e-01 2.049948329962087090e+00
4.500000000000012879e-01 1.992163023914829800e+00
4.550000000000014033e-01 1.923934554273892150e+00
4.600000000000012967e-01 1.846397979746463358e+00
4.650000000000011902e-01 1.760789592024212258e+00
4.700000000000013056e-01 1.668407444150804553e+00
4.750000000000014211e-01 1.570573026603415911e+00
4.800000000000013145e-01 1.468595795129441495e+00
4.850000000000012079e-01 1.363741878023854381e+00
4.900000000000013234e-01 1.257207869323414551e+00
4.950000000000014388e-01 1.150100192320626213e+00
5.000000000000013323e-01 1.043420131098988790e+00
5.050000000000012257e-01 9.380543021891315503e-01
5.100000000000013411e-01 8.347700884355943041e-01
5.150000000000014566e-01 7.342153869074374839e-01
5.200000000000013500e-01 6.369219280219546864e-01
5.250000000000012434e-01 5.433113940078133641e-01
5.300000000000013589e-01 4.537035881725298703e-01
5.350000000000014744e-01 3.683259678546795812e-01
5.400000000000013678e-01 2.873239397590946487e-01
5.450000000000012612e-01 2.107714146580986492e-01
5.500000000000013767e-01 1.386812195917547508e-01
5.550000000000014921e-01 7.101506260105235058e-02
5.600000000000013856e-01 7.692832919308833194e-03
5.650000000000012790e-01 -5.139890431052685643e-02
5.700000000000013944e-01 -1.063992964534009045e-01
5.750000000000015099e-01 -1.574665021265482523e-01
5.800000000000014033e-01 -2.047718889199425241e-01
5.850000000000012967e-01 -2.484950907682357824e-01
5.900000000000014122e-01 -2.888198666575451656e-01
5.950000000000015277e-01 -3.259306907112409224e-01
6.000000000000014211e-01 -3.600099978625155295e-01
6.050000000000013145e-01 -3.912360078952482612e-01
6.100000000000014300e-01 -4.197810524171060598e-01
6.150000000000015454e-01 -4.458103333232252830e-01
6.200000000000014388e-01 -4.694810467130368092e-01
6.250000000000013323e-01 -4.909418124138220096e-01
6.300000000000014477e-01 -5.103323557723453696e-01
6.350000000000015632e-01 -5.277833948611655446e-01
6.400000000000014566e-01 -5.434166924728911496e-01
6.450000000000013500e-01 -5.573452380923658023e-01
6.500000000000014655e-01 -5.696735303533938533e-01
6.550000000000015810e-01 -5.804979352624304312e-01
6.600000000000014744e-01 -5.899070996971657044e-01
6.650000000000013678e-01 -5.979824033797946914e-01
6.700000000000014833e-01 -6.047984357118599830e-01
6.750000000000015987e-01 -6.104234865806424937e-01
6.800000000000014921e-01 -6.149200425484352417e-01
6.850000000000013856e-01 -6.183452817621338804e-01
6.900000000000015010e-01 -6.207515625139784499e-01
6.950000000000016165e-01 -6.221869016881427239e-01
7.000000000000015099e-01 -6.226954403790461168e-01
7.050000000000014033e-01 -6.223178948023015966e-01
7.100000000000015188e-01 -6.210919912672945298e-01
7.150000000000016342e-01 -6.190528844709128897e-01
7.200000000000015277e-01 -6.162335587268552572e-01
7.250000000000014211e-01 -6.126652119872307845e-01
7.300000000000015365e-01 -6.083776226586757874e-01
7.350000000000016520e-01 -6.033994992819718961e-01
7.400000000000015454e-01 -5.977588131434609098e-01
7.450000000000014388e-01 -5.914831138326939186e-01
7.500000000000015543e-01 -5.845998276621130474e-01
7.550000000000016698e-01 -5.771365387327959118e-01
7.600000000000015632e-01 -5.691212522722380873e-01
7.650000000000014566e-01 -5.605826396957901414e-01
7.700000000000015721e-01 -5.515502646589465208e-01
7.750000000000016875e-01 -5.420547891822913300e-01
7.800000000000015810e-01 -5.321281587509069100e-01
7.850000000000014744e-01 -5.218037651239748609e-01
7.900000000000015898e-01 -5.111165854448525003e-01
7.950000000000017053e-01 -5.001032961254046061e-01
8.000000000000015987e-01 -4.888023598974184369e-01
8.050000000000014921e-01 -4.772540843867116855e-01
8.100000000000016076e-01 -4.655006505777357639e-01
8.150000000000017231e-01 -4.535861096056605923e-01
8.200000000000016165e-01 -4.415563464430072305e-01
8.250000000000015099e-01 -4.294590092447136409e-01
8.300000000000016254e-01 -4.173434033803125609e-01
8.350000000000017408e-01 -4.052603495173643378e-01
8.400000000000016342e-01 -3.932620055239332557e-01
8.450000000000015277e-01 -3.814016524280538500e-01
8.500000000000016431e-01 -3.697334452016315942e-01
8.550000000000017586e-01 -3.583121297181284248e-01
8.600000000000016520e-01 -3.471927278553008089e-01
8.650000000000015454e-01 -3.364301933638507158e-01
8.700000000000016609e-01 -3.260790417827719168e-01
8.750000000000017764e-01 -3.161929583354303186e-01
8.800000000000016698e-01 -3.068243883660402016e-01
8.850000000000015632e-01 -2.980241154544622795e-01
8.900000000000016787e-01 -2.898408328557486313e-01
8.950000000000017941e-01 -2.823207143302824962e-01
9.000000000000016875e-01 -2.755069907397682538e-01
9.050000000000015810e-01 -2.694395389685725895e-01
9.100000000000016964e-01 -2.641544897729056762e-01
9.150000000000018119e-01 -2.596838610547138049e-01
9.200000000000017053e-01 -2.560552227946827353e-01
9.250000000000015987e-01 -2.532913994624986787e-01
9.300000000000017142e-01 -2.514102151541391383e-01
9.350000000000018296e-01 -2.504242860001076321e-01
9.400000000000017231e-01 -2.503408635569983609e-01
9.450000000000016165e-01 -2.511617319627140188e-01
9.500000000000017319e-01 -2.528831606233790108e-01
9.550000000000018474e-01 -2.554959131400018624e-01
9.600000000000017408e-01 -2.589853121007673065e-01
9.650000000000016342e-01 -2.633313582958360932e-01
9.700000000000017497e-01 -2.685089018818401785e-01
9.750000000000018652e-01 -2.744878620657431045e-01
9.800000000000017586e-01 -2.812334910146997435e-01
9.850000000000016520e-01 -2.887066769557573576e-01
9.900000000000017675e-01 -2.968642808213119433e-01
9.950000000000018829e-01 -3.056595003385469966e-01
